读sfr	
43 CD 0F FF FF 33 21 10 03 00 00 55 44 33 22 11 00 F1 05 00 01 40 80 80 41 41
读code, 0, addr=(1/4Page)n =FlashAddr/128"	
43 CD 0F FF FF 33 21 10 03 00 00 55 44 33 22 11 00 F1 06 00 01 60 00 00 80 E1 E1
读code, 0x10000, 0x0000 in boot, addr=(1/4Page)n=FlashAddr/128=0x200	
43 CD 0F FF FF 33 21 10 03 00 00 55 44 33 22 11 00 F1 06 00 01 60 00 02 80 E3 E3
读xdata (读x:0x10,写,读)	
43 CD 0F FF FF 33 21 10 03 00 00 55 44 33 22 11 00 F1 13 00 01 00 10 00 05 80 10 00 05 11 22 33 44 55 00 10 00 05 BF 85
	
读gParamData	
43 CD 00 FF FF 33 21 10 03 00 00 66 55 44 33 22 11 F1 06 01 01 00 5F 27 4F D7 37
读lib_mac_com_profile	
43 CD 10 FF FF 33 21 10 03 00 00 66 55 44 33 22 11 F1 06 03 01 00 E9 28 0D 22 CE 
写 3103045 lib_mac_com_profile.CurGroup = 25 = 0x19	
43 CD 0F FF FF 45 30 10 03 00 00 55 44 33 22 11 00 F1 07 00 01 80 EB 28 01 19 AE 5A
写 3102133 lib_mac_com_profile.CurGroup = 25 = 0x19	
43 CD 0F FF FF 33 21 10 03 00 00 55 44 33 22 11 00 F1 07 00 01 80 EB 28 01 19 AE 5A
	
reboot to boot	
43 CD 00 FF FF 33 21 10 03 00 00 66 55 44 33 22 11 F1 03 01 02 01 04 02
	
gParamData.nDspSoftVersion=05	
43 CD 00 FF FF 33 21 10 03 00 00 66 55 44 33 22 11 F1 08 01 01 80 5F 27 02 00 05 0F FF
write gParamData to flash	
43 CD 00 FF FF 33 21 10 03 00 00 66 55 44 33 22 11 F1 02 01 03 04 02
	
list pooltype	
43 CD 00 FF FF 33 21 10 03 00 00 66 55 44 33 22 11 F1 02 01 04 05 05
	
读取gPool[2],gPool[3]和gPool[4]	
43 CD 00 FF FF  75 32 10 03 00 00 66 55 44 33 22 11 F1 06 01 01 00 50 06 80 D8 D6
43 CD 00 FF FF  75 32 10 03 00 00 66 55 44 33 22 11 F1 06 01 01 00 66 07 80 EF E1
43 CD 00 FF FF  75 32 10 03 00 00 66 55 44 33 22 11 F1 06 01 01 00 7C 08 80 06 F4


恢复dspver和校准值.
43 CD 00 FF FF 49 02 50 79 08 13 66 55 44 33 22 11 F1 10 01 01 80 4D 21 02 00 01 80 5F 21 04 00 00 00 00 F7 15
43 CD 00 FF FF 77 00 26 10 00 01 66 55 44 33 22 11 F1 10 01 01 80 4D 21 02 00 01 80 5F 21 04 00 00 00 00 F7 15
write gParamData to flash
43 CD 00 FF FF 49 02 50 79 08 13 66 55 44 33 22 11 F1 02 01 03 04 02
43 CD 00 FF FF 77 00 26 10 00 01 66 55 44 33 22 11 F1 02 01 03 04 02
reboot to boot
43 CD 00 FF FF 49 02 50 79 08 13 66 55 44 33 22 11 F1 03 01 02 01 04 02
43 CD 00 FF FF 77 00 26 10 00 01 66 55 44 33 22 11 F1 03 01 02 01 04 02
